73.5912 60.0955
74.9549 59.7167
73.675 60.7349
68.8658 54.8265
72.7779 54.5142
73.5601 59.9764
73.5841 60.1926
69.6641 55.8173
64.345 61.9593
71.1531 62.007
70.0459 57.6379
71.5944 55.8825
74.279 58.5009
72.6997 61.7963
77.4171 62.3284
75.2614 67.1666
74.2365 60.1212
75.9022 61.6604
82.0388 60.8333
70.4511 67.6978
74.8244 63.7715
68.2771 66.2575
74.1152 61.9035
77.8205 61.2343
69.459 51.1003
82.5502 62.9053
77.6808 64.3174
73.5425 58.6796
77.7311 60.1569
75.4614 59.0177
81.7468 64.2477
75.4616 54.3662
66.9679 58.6436
82.2585 55.7951
72.278 53.4218
79.413 62.4881
73.5665 59.799
73.3057 58.1044
73.8651 66.2123
75.2459 57.0167
67.2793 59.9861
71.196 52.0271
65.2638 56.0802
75.7356 58.194
74.3048 56.7239
76.3431 59.8219
70.7265 53.7751
64.2824 58.873
75.6384 52.5788
71.3132 67.3812
74.5695 61.8278
85.7068 69.3944
87.0316 70.4881
77.8748 64.7124
93.2005 74.8551
85.2326 61.9362
80.6441 67.2969
84.6419 73.5212
78.6891 64.6778
85.3712 69.1476
86.495 67.9528
85.7785 68.8142
94.0277 67.743
85.4204 69.5179
79.3217 72.5441
88.8273 64.5409
86.3431 70.7927
85.0546 64.1406
83.8661 69.7243
83.9388 68.4561
88.1799 69.2884
77.5638 64.9327
81.997 70.8038
92.8136 71.0579
90.2791 69.0392
86.6904 63.5502
84.9405 75.9625
88.2949 65.321
84.0667 77.907
85.6524 68.6389
88.8881 72.4933
86.4484 69.5696
81.7491 73.1695
85.7047 69.3782
82.2945 75.9961
93.621 68.958
80.6057 75.4297
89.3113 61.1256
80.5236 75.7527
89.4262 78.4594
90.2272 74.7269
84.0858 73.5507
83.378 68.3805
85.6911 69.4057
82.1046 74.3645
86.8887 71.3777
85.9102 69.6484
90.1565 66.3867
82.2665 64.0127
83.0906 69.7566
76.8169 70.9723
76.3139 67.5819
37.1935 37.8092
37.1279 37.7326
43.1034 39.7129
39.6102 40.1634
36.8625 40.5583
28.3708 34.0737
41.6184 36.5388
37.5522 39.4604
38.8025 38.2652
42.3108 30.1747
42.4807 38.3579
44.1629 36.3663
39.8815 37.0028
39.9171 37.3083
32.0848 39.7447
39.3114 41.26
37.6589 38.4444
37.8411 37.2084
42.0486 33.2683
35.0929 34.1766
41.0302 34.6726
31.9713 39.9905
36.4376 37.8911
32.7679 36.5415
30.9604 31.6848
38.1852 37.2244
30.336 43.3523
30.0074 39.6342
28.2016 41.766
33.3023 40.3307
28.0092 39.8464
44.2052 43.5774
35.1653 33.2712
37.082 28.6746
33.0592 45.274
33.6326 30.7823
39.2443 41.6097
40.6434 37.8919
37.0541 34.2442
37.036 38.3443
38.236 34.5908
42.6502 37.8382
34.2171 39.52
35.7376 39.9799
39.5596 39.5969
31.5939 36.2514
29.0571 32.9081
43.6054 36.1196
34.6714 28.2971
40.8687 37.6505
39.919 38.6379
32.812 88.5237
34.8356 87.5868
35.5527 88.1179
40.7884 86.267
37.3367 90.3938
33.7726 87.7611
28.2758 92.0007
34.8827 93.5
31.9698 87.3659
27.7709 86.5379
31.8451 95.68
32.7918 89.0343
34.5718 79.8126
34.0189 88.2363
36.444 89.3275
32.8069 89.6237
41.4174 84.6676
27.6689 88.0235
26.8933 88.4146
35.7208 91.3085
31.0775 80.7998
30.573 92.3958
36.0135 97.0308
27.6697 86.6451
23.5752 87.4662
34.6576 90.0265
33.279 89.4942
32.3286 89.7894
41.6811 92.575
34.0122 84.8628
33.1093 89.1107
31.2016 80.5465
32.2549 86.3512
34.4168 89.3977
34.1707 92.6625
33.5954 79.0903
31.523 87.0794
40.7461 85.9629
34.5693 89.6362
27.6181 88.6155
29.4927 84.4629
29.1803 85.4044
31.4593 91.0381
36.7385 85.8482
38.7513 95.3268
38.8413 92.5524
33.9738 87.1272
39.9787 89.5645
31.9128 88.2976
31.0153 90.0831
27.217 89.4459
21.6808 63.431
21.429 63.9853
21.997 62.7845
19.4455 68.3217
15.3081 57.9751
19.3741 57.6088
17.3835 56.3841
29.5728 63.2673
22.5165 61.4114
21.4635 66.5761
24.889 62.9438
26.8824 70.6739
22.7777 60.2708
20.4079 61.5709
29.2517 58.246
29.149 60.9511
26.5415 63.0922
19.1433 69.1193
26.4201 71.0145
11.8386 63.9662
25.1915 67.6095
20.8957 65.0327
24.7271 69.5552
27.2382 60.6855
14.4192 57.1776
13.7324 64.3328
26.1027 68.9109
28.6756 62.7069
25.1134 63.0495
20.9221 64.3582
20.3213 59.7911
14.5813 62.2659
13.715 64.4694
21.4694 63.2862
20.2983 60.9099
20.4625 60.8407
22.6092 72.926
24.2225 65.2574
19.6635 57.4578
19.962 61.8131
24.6097 60.7526
22.8806 58.3185
24.9557 65.6817
21.785 61.5101
22.7807 62.22
27.0053 70.3102
29.8898 62.2904
23.5356 70.6322
24.1399 68.8458
21.7133 57.1276
20.24 67.6784
79.4733 84.3406
75.7142 83.7394
78.325 76.296
85.772 89.981
83.7835 84.1501
80.1961 82.2622
72.2233 81.3174
84.2553 80.888
74.5356 79.0485
80.4986 84.8513
83.566 82.587
73.4288 82.8034
76.7465 80.9737
80.7374 83.1662
78.2649 84.1538
74.6348 90.8959
82.9319 85.2964
73.2401 80.6772
79.7585 84.3807
78.6703 74.4923
75.418 88.8238
80.7916 85.692
74.6402 79.3736
80.9541 87.2631
85.6615 90.6617
85.7031 78.0202
81.1267 85.7856
83.9565 78.5391
83.932 88.0274
76.7538 88.0772
82.9266 88.4082
70.5121 81.3501
75.7371 85.9217
79.3483 85.7185
83.4931 81.4643
76.7071 87.3605
76.3644 82.8185
82.176 85.9679
78.7803 84.6914
87.5527 87.222
79.9127 79.4407
79.6605 84.4427
85.6922 78.2567
82.0472 81.5008
70.5197 84.7199
85.1627 76.7027
82.1675 88.0766
77.6434 79.7143
82.0817 90.6084
77.5068 87.4655
75.6613 83.1097
79.5126 73.9556
77.2149 70.519
72.9527 73.0746
87.305 80.0195
79.5623 76.5241
78.3989 73.2791
79.7306 74.1929
88.708 71.6206
88.0157 72.0311
83.9811 66.5716
80.3261 76.3114
74.9688 78.0943
79.4723 73.9106
70.5408 72.2426
82.2436 80.5732
78.3298 72.9509
71.0663 75.5077
72.245 74.543
71.0172 74.0009
76.9062 74.0473
78.0457 72.9415
80.3309 76.3805
76.8472 72.6518
78.6939 74.363
76.2655 82.5952
81.7696 71.3786
82.2683 78.1907
81.1564 76.8903
80.754 68.1597
72.9741 79.9734
73.6057 70.5689
79.0179 73.4265
76.5291 73.3052
80.2919 73.9405
76.8693 70.084
78.1379 83.3697
80.0502 76.3291
84.5882 75.4857
73.0941 73.9269
74.283 70.2834
76.4055 69.7167
84.0698 73.8072
83.109 67.6937
79.4662 74.4517
83.6742 80.1146
82.8894 77.0981
73.0566 66.5255
75.8475 67.4126
77.7456 71.2169
80.0779 73.7929
82.763 78.8516
89 12.3626
88.749 10.0327
88.9661 7.19007
89.0019 11.9069
84.1319 16.8477
91.03 6.2547
89.6254 11.7601
87.5555 13.6208
88.0546 13.9724
89.1169 20.8641
93.2919 17.6652
91.8778 12.3837
81.8129 8.4666
88.6966 11.5987
90.3987 9.5645
86.1498 3.79552
83.1537 12.1049
89.0335 12.3562
92.2769 18.1219
92.0892 18.7567
89.3318 13.3772
89.0022 12.3567
86.132 17.3348
81.7642 13.3369
91.3041 8.80576
91.4007 14.8935
90.4652 10.462
87.8942 13.9186
83.0636 7.48617
90.2584 4.42346
96.5799 11.8242
86.0729 20.3949
83.5723 18.991
89.1101 21.6499
89.3802 10.7708
81.5592 15.0396
96.5771 11.4051
83.4673 8.23739
86.1572 19.7277
79.4954 11.1857
87.6856 8.57731
87.9067 5.08785
90.8018 19.7091
87.7618 12.4133
90.0947 12.1396
88.1637 10.0805
89.4711 14.7518
86.9325 15.7634
97.7056 13.1798
93.0718 8.64176
90.1298 13.26
78.4599 89
86.1947 89.0152
78.6889 90.5923
83.2256 92.5058
74.3492 96.0882
72.2094 91.4336
79.301 89.8206
74.8053 85.6446
76.8001 89.613
71.244 83.4274
74.6091 83.5135
75.099 87.873
80.0346 84.6472
85.2279 90.5041
87.3812 90.9317
75.697 87.0916
78.6643 88.8813
69.5661 89.5974
80.2275 88.6771
74.4958 87.4914
85.3727 89.489
82.4789 95.9377
84.3613 87.1884
72.2949 89.9166
78.7221 86.3424
75.0995 89.6595
75.9236 93.1334
79.3466 81.2994
80.5689 88.4472
79.001 89.9811
84.6357 92.1763
77.5302 89.269
74.8097 90.9008
80.147 88.7708
81.3418 90.7391
77.7026 86.7178
79.4491 91.5205
87.7361 86.8551
79.3621 79.8142
75.9755 85.4997
82.2205 94.3023
80.1975 84.1169
69.6809 93.1683
74.913 97.0263
76.9309 87.1666
78.1116 88.6709
69.4505 91.2974
81.4762 92.4013
76.0868 82.8469
85.4474 83.1395
77.1469 89.7541
70.5717 26.6745
69.4404 22.4589
70.2109 26.3016
70.0658 33.6181
75.7629 24.4058
62.607 29.5448
67.1793 27.0842
73.6005 23.4311
70.0399 26.3363
75.7641 33.19
68.588 35.7575
66.5596 30.4169
74.6558 27.1937
74.0537 27.8627
70.5512 26.6773
67.0217 35.2109
68.7706 17.9488
70.7604 23.9922
62.3267 25.7796
64.7846 25.9313
71.1537 17.375
73.0891 20.3415
79.469 25.2877
66.1191 23.2411
63.1906 29.6175
69.3383 31.596
73.2075 31.7235
65.8926 22.8473
63.71 29.1322
64.6591 32.4367
73.3085 25.6198
67.6209 23.5516
77.1953 28.1926
71.2246 24.2881
73.1031 25.457
68.5464 31.0343
70.2078 25.0845
70.9304 25.0147
76.129 26.7964
70.3119 28.0464
75.6816 29.3141
70.08 26.0419
69.3231 25.8873
71.962 24.8048
70.7966 27.4438
71.562 24.5841
67.3715 24.1176
75.073 33.459
67.2538 29.2228
68.7485 27.3321
71.6696 27.1821
